SR_44100:0.998734355950096,-1.99282366314795,0.994268042195585,1.99282366314795,-0.993002398145681,0.999122660815708,-1.98710086414708,0.988254321182155,1.98710086414708,-0.987376981997864,1.00178370774459,-1.99047813640414,0.989568799352815,1.99047813640414,-0.991352507097405,1.0839269140212,-5.21122022243679E-14,-1.08392691402115,5.21122022243679E-14,0.999999999999948,1.00118371475575,-1.8761401727992,0.897179300052714,1.8761401727992,-0.898363014808467,0.983731782062253,-1.81243738913055,0.904862752322799,1.81243738913055,-0.888594534385052,1.03055767617474,-1.70164912888317,0.777410718691941,1.70164912888317,-0.807968394866682,0.979020365873154,-1.77564886480938,0.907282023224411,1.77564886480938,-0.886302389097564,0.987279848207467,-1.73057472154986,0.914377242073174,1.73057472154986,-0.901657090280641,1.04096015939694,-1.62649938540883,0.880401715522707,1.62649938540883,-0.921361874919645,1.02841093648105,-1.55722593699785,0.844025525878521,1.55722593699785,-0.872436462359568,0.938691146657765,-1.33758003508915,0.663417776973834,1.33758003508915,-0.602108923631599,0.976575634037929,-1.33693776571449,0.896477707565214,1.33693776571449,-0.873053341603144,1.00834349999231,-1.28002731614033,0.941623733368411,1.28002731614033,-0.949967233360724,0.979135075197973,-1.1058775956467,0.877981010197139,1.1058775956467,-0.857116085395112,1.13096989128787,-0.865189609405817,0.434812480830864,0.865189609405817,-0.565782372118733,0.980824829181593,-0.863208520798228,0.86032355775284,0.863208520798228,-0.841148386934432,0.961193723841641,-0.582903284257573,0.840035760408866,0.582903284257573,-0.801229484250507,1.04005227812554,-0.438596107992326,0.822991851497486,0.438596107992326,-0.863044129623025,1.11623668361849,-0.193290003702321,0.272609310103988,0.193290003702321,-0.388845993722479,0.977579178984474,-0.00126944177983,0.804395551621165,0.00126944177983,-0.781974730605638,0.743253361166029,0.0192544511796883,0.176146177518128,-0.0192544511796883,0.0806004613158433
SR_48000:0.998836858951875,-1.99341821182837,0.994732266620348,1.99341821182837,-0.993569125572223,0.999193531288977,-1.98816346327085,0.989203123916128,1.98816346327085,-0.988396655205105,1.00163935703148,-1.99131400018007,0.990412968615727,1.99131400018007,-0.992052325647208,1.0839269140212,-5.69956524641102E-14,-1.08392691402114,5.69956524641102E-14,0.999999999999943,1.00109202157954,-1.88739416655996,0.905144020026599,1.88739416655996,-0.90623604160614,0.984985931290508,-1.83253805976733,0.912197071681516,1.83253805976733,-0.897183002972024,1.02829230563408,-1.73161365605765,0.793912209108236,1.73161365605765,-0.822204514742318,0.980635894871059,-1.80107646914906,0.914421736872532,1.80107646914906,-0.89505763174359,0.988266687908805,-1.76395082348927,0.921019925135327,1.76395082348927,-0.909286613044132,1.03775154776656,-1.67680080643632,0.889770439966096,1.67680080643632,-0.927521987732655,1.02623690399418,-1.61352753155791,0.855960844310853,1.61352753155791,-0.882197748305033,0.942765572612285,-1.4005677839884,0.685786150717062,1.4005677839884,-0.628551723329347,0.978367939388143,-1.42427834887107,0.904398671526319,1.42427834887107,-0.882766610914462,1.00768112807715,-1.38182451983971,0.946258095394436,1.38182451983971,-0.953939223471591,0.980719335615198,-1.22278659221507,0.88724583417943,1.22278659221507,-0.867965169794628,1.12234796971065,-0.984438747546674,0.47201952451689,0.984438747546674,-0.594367494227536,0.982269642522522,-1.009280159412,0.870847917044519,1.009280159412,-0.853117559567041,0.964060309114387,-0.757658094439159,0.851852177204612,0.757658094439159,-0.815912486318999,1.03699874289832,-0.63531274472197,0.836486729747932,0.63531274472197,-0.873485472646253,1.10914071714836,-0.360995336361764,0.317014740347778,0.360995336361764,-0.426155457496134,0.979222015239596,-0.230012022159171,0.818728036557262,0.230012022159171,-0.797950051796858,0.754949047866573,-0.104778897255818,0.213675534235531,0.104778897255818,0.0313754178978955
