SR_44100:0.965660740733441,-1.800683633941617,0.869466587650545,1.800683633941617,-0.8351273283839861,1.051570728935234,-1.806405690798683,0.8311320058476207,1.806405690798683,-0.882702734782855,1.003822409811916,-1.445281925135764,0.6792019212841249,1.445281925135764,-0.6830243310960405,1.057287163950522,-1.321826831340864,0.6892923897615462,1.321826831340864,-0.7465795537120683,0.8949377382434921,-0.7866125236477394,0.7357602332327468,0.7866125236477394,-0.6306979714762389,1.061129608768836,-0.6417459075240385,0.7617962753517744,0.6417459075240385,-0.8229258841206107,0.9332629527638945,-0.2437983823076172,0.7421060492938359,0.2437983823076172,-0.6753690020577305,1.171983112441877,0.6767521247695081,0.1490563127031252,-0.6767521247695081,-0.3210394251450023
SR_48000:0.9682392217384789,-1.818222913583723,0.879268136415856,1.818222913583723,-0.8475073581543349,1.047604636642999,-1.826943823146232,0.8441189475457699,1.826943823146232,-0.8917235841887692,1.00355664309503,-1.500987273584326,0.7015065553654208,1.500987273584326,-0.705063198460451,1.053165461779932,-1.400120027860374,0.7116472096413524,1.400120027860374,-0.764812671421284,0.9020276291329729,-0.921253970481077,0.7535918607241054,0.921253970481077,-0.6556194898570784,1.056557149093897,-0.8121176340677361,0.7796137773333923,0.8121176340677361,-0.8361709264272897,0.9378884259697351,-0.4394407889121198,0.7599804025705024,0.4394407889121198,-0.6978688285402375,1.160127330026316,0.4901914753831673,0.2077167419815898,-0.4901914753831673,-0.3678440720079059
