SR_44100:1,-0.971981874387669,0,0.899275119904805,-0,1,0.00728396195908354,-0.985745184728322,0.00198514217303924,0.986418314722294,1,-0.113144827743594,-0.0358950733053049,-0,-0,1,0.0490985108832388,0.018820072890148,-0,-0,1,-1.0706287220928,0.389359912656245,1.21520832372929,-0.592558625822534,1,0.328034581110579,0.610812441630399,-0.327670346086345,-0.610480530607664,1,-0.064382541200463,0.776770468894484,0.0709331113655902,-0.698399196222291,1,-1.44834931551326,0.631025253297572,1.58214055701707,-0.709367330967928,1,-0.949425962357663,0.726334544528128,0.938275950182073,-0.713792464969363,1,1.73060295053404,0.758412985992176,-1.71575995196542,-0.742836940059534,1,1.70096723497195,0.758089913699366,-1.70285405704689,-0.760412968832014,1,0.559472069399927,0.849386456314584,-0.545155956565943,-0.813395353405986,1,-1.11484039077441,0.85215751792811,1.09641508554785,-0.819531095828234,1,-1.64510487114159,0.884326644189874,1.64192239466692,-0.88144498008489,1,-1.87250446010463,0.901719395859356,1.87280498623531,-0.897563174309931,1,-1.91939837092537,0.923141517232972,1.91259828716443,-0.916906953039798,1,1.98405295265901,0.984144572958716,-1.98691140560045,-0.986977327725583,1.00000679472628,0,0,0,0
SR_48000:1,-0.847790827844211,0,-0.562669546675363,-0,1,1.62257794114509,0.649349481590216,-1.62180593284526,-0.648713327685098,1,-0.0395929157464033,-0.949780662476621,0.0415182596642794,0.951600667104663,1,0.706146833675718,0.0806038483792921,-0,-0,1,0.0757527756185106,0.0244611151677519,-0,-0,1,-0.77642364314043,0.172304808128306,1.32515450340362,-0.641621538913845,1,-1.38239662709336,0.618536128152041,1.60280895026469,-0.689594339466574,1,-0.287016332103865,0.791904768281003,0.281401655713353,-0.719311865482296,1,-1.08402130749355,0.7617709179076,1.07682079097001,-0.751341556392535,1,0.28716783269752,0.859653434445436,-0.279868799595553,-0.826754762618035,1,-1.22914566573562,0.862589138023901,1.2085085326086,-0.831421760848089,1,-1.67580799906422,0.877958660021214,1.67069853601126,-0.873514509464545,1,0.310955742670973,0.885775158016371,-0.311054337666039,-0.885723527248199,1,-1.87788405289207,0.900727693127121,1.89374579462135,-0.912058546316642,1,-1.93208415521333,0.933899717051132,1.90997433510421,-0.913694929131308,1,1.91018099907767,0.918665527212971,-1.91018579390092,-0.918671868925942,1,-1.80989475931846,0.921750700554314,1.81035939091758,-0.922211115476868,1.00000679472628,0,0,0,0