SR_44100:1.0,2.0,1.0,0.49776872571908,-0.92323067076422,1.0,2.0,1.0,0.46239241251513,-0.78654709251389,1.0,2.0,1.0,0.43200487475848,-0.66913866244798,1.0,2.0,1.0,0.40579535901039,-0.56787286982551,1.0,2.0,1.0,0.38311728402779,-0.48025151656067,1.0,2.0,1.0,0.36345085242376,-0.40426625977155,1.0,2.0,1.0,0.34637526758316,-0.33829126618545,1.0,2.0,1.0,0.33154786500892,-0.28100258185247,1.0,2.0,1.0,0.31868828423601,-0.23131697711726,1.0,2.0,1.0,0.30756635979221,-0.18834516088404,1.0,2.0,1.0,0.29799278830617,-0.15135572109130,1.0,2.0,1.0,0.28981189184924,-0.11974716441148,1.0,2.0,1.0,0.28289598260785,-0.09302614301739,1.0,2.0,1.0,0.27714096578247,-0.07079046548794,1.0,2.0,1.0,0.27246291270151,-0.05271585633733,1.0,2.0,1.0,0.26879540567792,-0.03854569732859,1.0,2.0,1.0,0.26608750775888,-0.02808318318879,1.0,2.0,1.0,0.26430224953770,-0.02118547509906,1.0,2.0,1.0,0.26341555536854,-0.01775955190699,9.99999999999000e-13,0,0,0,0
SR_48000:1.0,2.0,1.0,0.49776872571908,-0.92323067076422,1.0,2.0,1.0,0.46239241251513,-0.78654709251389,1.0,2.0,1.0,0.43200487475848,-0.66913866244798,1.0,2.0,1.0,0.40579535901039,-0.56787286982551,1.0,2.0,1.0,0.38311728402779,-0.48025151656067,1.0,2.0,1.0,0.36345085242376,-0.40426625977155,1.0,2.0,1.0,0.34637526758316,-0.33829126618545,1.0,2.0,1.0,0.33154786500892,-0.28100258185247,1.0,2.0,1.0,0.31868828423601,-0.23131697711726,1.0,2.0,1.0,0.30756635979221,-0.18834516088404,1.0,2.0,1.0,0.29799278830617,-0.15135572109130,1.0,2.0,1.0,0.28981189184924,-0.11974716441148,1.0,2.0,1.0,0.28289598260785,-0.09302614301739,1.0,2.0,1.0,0.27714096578247,-0.07079046548794,1.0,2.0,1.0,0.27246291270151,-0.05271585633733,1.0,2.0,1.0,0.26879540567792,-0.03854569732859,1.0,2.0,1.0,0.26608750775888,-0.02808318318879,1.0,2.0,1.0,0.26430224953770,-0.02118547509906,1.0,2.0,1.0,0.26341555536854,-0.01775955190699,9.99999999999000e-13,0,0,0,0